AL 01 2016010700 253  766
AL 01 2016010706 273  748
AL 01 2016010712 287  738
AL 01 2016010712 287  738
AL 01 2016010718 300  725
AL 01 2016010718 300  725
AL 01 2016010800 315  705
AL 01 2016010800 315  705
AL 01 2016010806 326  690
AL 01 2016010806 326  690
AL 01 2016010812 330  671
AL 01 2016010812 330  671
AL 01 2016010818 334  649
AL 01 2016010818 334  649
AL 01 2016010900 340  629
AL 01 2016010900 340  629
AL 01 2016010906 345  605
AL 01 2016010906 345  605
AL 01 2016010912 350  583
AL 01 2016010912 350  583
AL 01 2016010918 355  560
AL 01 2016010918 355  560
AL 01 2016011000 345  543
AL 01 2016011000 345  543
AL 01 2016011000 345  543
AL 01 2016011006 340  528
AL 01 2016011006 340  528
AL 01 2016011006 340  528
AL 01 2016011012 331  511
AL 01 2016011012 331  511
AL 01 2016011012 331  511
AL 01 2016011018 320  494
AL 01 2016011018 320  494
AL 01 2016011018 320  494
AL 01 2016011100 314  470
AL 01 2016011100 314  470
AL 01 2016011106 311  450
AL 01 2016011106 311  450
AL 01 2016011112 309  437
AL 01 2016011112 309  437
AL 01 2016011118 300  425
AL 01 2016011118 300  425
AL 01 2016011200 285  415
AL 01 2016011200 285  415
AL 01 2016011206 263  402
AL 01 2016011206 263  402
AL 01 2016011212 248  379
AL 01 2016011212 248  379
AL 01 2016011218 250  357
AL 01 2016011218 250  357
AL 01 2016011300 255  347
AL 01 2016011300 255  347
AL 01 2016011306 256  337
AL 01 2016011312 260  325
AL 01 2016011318 267  314
AL 01 2016011400 279  304
AL 01 2016011400 279  304
AL 01 2016011406 293  296
AL 01 2016011406 293  296
AL 01 2016011412 308  287
AL 01 2016011412 308  287
AL 01 2016011412 308  287
AL 01 2016011418 326  280
AL 01 2016011418 326  280
AL 01 2016011418 326  280
AL 01 2016011500 339  276
AL 01 2016011500 339  276
AL 01 2016011500 339  276
AL 01 2016011506 358  271
AL 01 2016011506 358  271
AL 01 2016011506 358  271
AL 01 2016011512 380  270
AL 01 2016011512 380  270
AL 01 2016011518 415  277
AL 01 2016011518 415  277
AL 02 2016052418 236  687
AL 02 2016052500 240  685
AL 02 2016052506 245  682
AL 02 2016052512 252  680
AL 02 2016052518 260  678
AL 02 2016052600 260  678
AL 02 2016052606 263  685
AL 02 2016052612 267  694
AL 02 2016052618 268  703
AL 02 2016052700 269  712
AL 02 2016052706 272  721
AL 02 2016052712 277  731
AL 02 2016052718 282  742
AL 02 2016052800 288  754
AL 02 2016052806 294  767
AL 02 2016052812 300  781
AL 02 2016052818 308  792
AL 02 2016052900 309  794
AL 02 2016052906 316  794
AL 02 2016052912 327  797
AL 02 2016052918 331  804
AL 02 2016053000 329  803
AL 02 2016053006 331  799
AL 02 2016053012 333  798
AL 02 2016053018 334  796
AL 02 2016053100 332  793
AL 02 2016053106 329  790
AL 02 2016053112 332  783
AL 02 2016053118 334  779
AL 02 2016060100 334  778
AL 02 2016060106 334  775
AL 02 2016060112 335  771
AL 02 2016060118 335  764
AL 02 2016060200 341  760
AL 02 2016060206 347  757
AL 02 2016060212 349  754
AL 02 2016060218 353  751
AL 02 2016060300 356  745
AL 02 2016060306 357  737
AL 02 2016060312 359  725
AL 02 2016060318 359  713
AL 02 2016060400 359  701
AL 02 2016060406 359  688
AL 02 2016060412 357  672
AL 02 2016060418 351  659
AL 02 2016060500 348  645
AL 03 2016060218 161  792
AL 03 2016060300 162  803
AL 03 2016060306 163  813
AL 03 2016060312 164  822
AL 03 2016060318 166  833
AL 03 2016060400 167  843
AL 03 2016060406 167  854
AL 03 2016060412 170  865
AL 03 2016060418 176  870
AL 03 2016060500 185  875
AL 03 2016060506 201  879
AL 03 2016060512 216  880
AL 03 2016060518 224  879
AL 03 2016060600 232  878
AL 03 2016060606 246  876
AL 03 2016060612 264  873
AL 03 2016060618 281  861
AL 03 2016060700 293  846
AL 03 2016060706 307  821
AL 03 2016060712 334  782
AL 03 2016060718 354  745
AL 03 2016060718 354  745
AL 04 2016061712 175  880
AL 04 2016061718 181  886
AL 04 2016061800 186  892
AL 04 2016061806 189  900
AL 04 2016061812 192  909
AL 04 2016061818 193  917
AL 04 2016061900 197  923
AL 04 2016061906 199  932
AL 04 2016061912 199  940
AL 04 2016061918 199  947
AL 04 2016062000 200  951
AL 04 2016062006 201  956
AL 04 2016062012 207  960
AL 04 2016062018 212  967
AL 04 2016062100 211  976
AL 04 2016062106 208  987
AL 05 2016072718 126  289
AL 05 2016072800 127  301
AL 05 2016072806 128  315
AL 05 2016072812 129  330
AL 05 2016072818 132  351
AL 05 2016072900 134  370
AL 05 2016072906 136  389
AL 05 2016072912 138  410
AL 05 2016072918 139  434
AL 05 2016073000 140  460
AL 05 2016073006 143  486
AL 05 2016073012 146  515
AL 05 2016073018 148  546
AL 05 2016073100 149  573
AL 05 2016073106 150  600
AL 05 2016073112 152  626
AL 05 2016073118 154  652
AL 05 2016080100 156  676
AL 05 2016080106 158  696
AL 05 2016080112 160  717
AL 05 2016080118 163  734
AL 05 2016080200 165  753
AL 05 2016080206 163  775
AL 05 2016080212 163  790
AL 05 2016080218 163  808
AL 05 2016080300 164  822
AL 05 2016080300 164  822
AL 05 2016080306 160  831
AL 05 2016080306 160  831
AL 05 2016080312 163  843
AL 05 2016080312 163  843
AL 05 2016080318 169  854
AL 05 2016080318 169  854
AL 05 2016080400 173  869
AL 05 2016080400 173  869
AL 05 2016080400 173  869
AL 05 2016080406 174  883
AL 05 2016080406 174  883
AL 05 2016080406 174  883
AL 05 2016080412 174  894
AL 05 2016080412 174  894
AL 05 2016080418 176  903
AL 05 2016080500 180  912
AL 05 2016080506 183  923
AL 05 2016080512 185  935
AL 05 2016080518 187  947
AL 05 2016080600 189  956
AL 05 2016080600 189  956
AL 05 2016080606 190  965
AL 05 2016080612 190  975
AL 06 2016081400 104  162
AL 06 2016081406 101  172
AL 06 2016081412  97  183
AL 06 2016081418  94  193
AL 06 2016081500  92  205
AL 06 2016081506  92  221
AL 06 2016081512  92  237
AL 06 2016081518  94  252
AL 06 2016081600  96  270
AL 06 2016081606  99  293
AL 06 2016081612 107  314
AL 06 2016081618 114  325
AL 06 2016081700 122  336
AL 06 2016081706 129  348
AL 06 2016081712 137  360
AL 06 2016081718 146  372
AL 06 2016081800 152  385
AL 06 2016081806 157  394
AL 06 2016081812 161  401
AL 06 2016081818 165  408
AL 06 2016081900 169  415
AL 06 2016081906 173  423
AL 06 2016081912 177  431
AL 06 2016081918 181  440
AL 06 2016082000 185  450
AL 06 2016082006 192  461
AL 06 2016082012 200  472
AL 06 2016082018 208  484
AL 06 2016082100 215  496
AL 06 2016082106 221  511
AL 06 2016082112 226  526
AL 06 2016082118 231  542
AL 06 2016082200 237  559
AL 06 2016082206 242  576
AL 06 2016082212 245  591
AL 06 2016082218 250  605
AL 06 2016082300 253  617
AL 06 2016082306 256  629
AL 06 2016082312 259  640
AL 07 2016082006 124  140
AL 07 2016082012 124  149
AL 07 2016082018 123  158
AL 07 2016082100 119  170
AL 07 2016082106 115  180
AL 07 2016082112 112  194
AL 07 2016082118 110  211
AL 07 2016082200 110  228
AL 07 2016082206 112  248
AL 07 2016082212 115  265
AL 07 2016082218 120  282
AL 07 2016082300 124  299
AL 07 2016082306 130  317
AL 07 2016082312 135  336
AL 07 2016082312 135  336
AL 07 2016082318 139  351
AL 07 2016082318 139  351
AL 07 2016082400 142  365
AL 07 2016082400 142  365
AL 07 2016082406 147  380
AL 07 2016082406 147  380
AL 07 2016082412 157  390
AL 07 2016082412 157  390
AL 07 2016082418 169  402
AL 07 2016082418 169  402
AL 07 2016082500 180  414
AL 07 2016082500 180  414
AL 07 2016082500 180  414
AL 07 2016082506 189  427
AL 07 2016082506 189  427
AL 07 2016082506 189  427
AL 07 2016082512 198  439
AL 07 2016082512 198  439
AL 07 2016082518 210  450
AL 07 2016082518 210  450
AL 07 2016082600 222  459
AL 07 2016082600 222  459
AL 07 2016082606 235  470
AL 07 2016082606 235  470
AL 07 2016082612 248  479
AL 07 2016082612 248  479
AL 07 2016082618 258  491
AL 07 2016082618 258  491
AL 07 2016082700 266  503
AL 07 2016082700 266  503
AL 07 2016082706 275  514
AL 07 2016082706 275  514
AL 07 2016082712 281  528
AL 07 2016082712 281  528
AL 07 2016082718 287  536
AL 07 2016082718 287  536
AL 07 2016082718 287  536
AL 07 2016082800 293  542
AL 07 2016082800 293  542
AL 07 2016082800 293  542
AL 07 2016082806 299  545
AL 07 2016082806 299  545
AL 07 2016082806 299  545
AL 07 2016082812 303  547
AL 07 2016082812 303  547
AL 07 2016082812 303  547
AL 07 2016082818 306  550
AL 07 2016082818 306  550
AL 07 2016082818 306  550
AL 07 2016082900 306  552
AL 07 2016082900 306  552
AL 07 2016082900 306  552
AL 07 2016082906 307  553
AL 07 2016082906 307  553
AL 07 2016082906 307  553
AL 07 2016082912 308  554
AL 07 2016082912 308  554
AL 07 2016082912 308  554
AL 07 2016082918 311  554
AL 07 2016082918 311  554
AL 07 2016082918 311  554
AL 07 2016083000 314  549
AL 07 2016083000 314  549
AL 07 2016083000 314  549
AL 07 2016083006 317  544
AL 07 2016083006 317  544
AL 07 2016083006 317  544
AL 07 2016083012 320  534
AL 07 2016083012 320  534
AL 07 2016083012 320  534
AL 07 2016083018 324  525
AL 07 2016083018 324  525
AL 07 2016083018 324  525
AL 07 2016083100 326  515
AL 07 2016083100 326  515
AL 07 2016083100 326  515
AL 07 2016083106 331  506
AL 07 2016083106 331  506
AL 07 2016083106 331  506
AL 07 2016083112 336  492
AL 07 2016083112 336  492
AL 07 2016083112 336  492
AL 07 2016083118 345  479
AL 07 2016083118 345  479
AL 07 2016083118 345  479
AL 07 2016090100 356  463
AL 07 2016090100 356  463
AL 07 2016090100 356  463
AL 07 2016090106 363  443
AL 07 2016090106 363  443
AL 07 2016090106 363  443
AL 07 2016090112 371  420
AL 07 2016090112 371  420
AL 07 2016090112 371  420
AL 07 2016090118 378  395
AL 07 2016090118 378  395
AL 07 2016090118 378  395
AL 07 2016090200 382  370
AL 07 2016090200 382  370
AL 07 2016090200 382  370
AL 07 2016090206 385  350
AL 07 2016090206 385  350
AL 07 2016090212 389  330
AL 07 2016090212 389  330
AL 07 2016090218 392  312
AL 07 2016090300 397  296
AL 07 2016090306 402  278
AL 08 2016082600 305  648
AL 08 2016082606 305  648
AL 08 2016082612 305  648
AL 08 2016082618 305  648
AL 08 2016082700 306  649
AL 08 2016082706 308  659
AL 08 2016082712 309  662
AL 08 2016082718 310  666
AL 08 2016082800 311  678
AL 08 2016082806 313  687
AL 08 2016082812 315  696
AL 08 2016082818 316  707
AL 08 2016082900 320  717
AL 08 2016082906 323  726
AL 08 2016082912 330  732
AL 08 2016082918 334  738
AL 08 2016083000 336  742
AL 08 2016083006 338  747
AL 08 2016083012 340  751
AL 08 2016083018 342  750
AL 08 2016083100 344  747
AL 08 2016083106 347  745
AL 08 2016083112 352  738
AL 08 2016083118 359  727
AL 08 2016090100 367  715
AL 08 2016090106 375  701
AL 09 2016081718 125  194
AL 09 2016081800 121  211
AL 09 2016081806 117  227
AL 09 2016081812 113  242
AL 09 2016081818 110  256
AL 09 2016081900 107  271
AL 09 2016081906 105  291
AL 09 2016081912 105  308
AL 09 2016081918 106  324
AL 09 2016082000 109  337
AL 09 2016082006 112  350
AL 09 2016082012 115  364
AL 09 2016082018 120  380
AL 09 2016082100 126  396
AL 09 2016082106 131  414
AL 09 2016082112 136  431
AL 09 2016082118 140  446
AL 09 2016082200 143  462
AL 09 2016082206 148  480
AL 09 2016082212 152  499
AL 09 2016082218 153  516
AL 09 2016082300 154  533
AL 09 2016082306 155  550
AL 09 2016082312 156  567
AL 09 2016082318 159  583
AL 09 2016082400 163  600
AL 09 2016082406 169  617
AL 09 2016082412 178  633
AL 09 2016082418 187  652
AL 09 2016082500 199  670
AL 09 2016082506 206  687
AL 09 2016082512 210  706
AL 09 2016082518 214  723
AL 09 2016082600 218  731
AL 09 2016082606 221  739
AL 09 2016082612 224  746
AL 09 2016082618 226  752
AL 09 2016082700 228  760
AL 09 2016082706 231  771
AL 09 2016082712 233  779
AL 09 2016082718 234  786
AL 09 2016082800 235  791
AL 09 2016082806 237  797
AL 09 2016082812 239  806
AL 09 2016082818 238  815
AL 09 2016082900 234  823
AL 09 2016082906 234  835
AL 09 2016082912 236  841
AL 09 2016082918 238  846
AL 09 2016083000 238  852
AL 09 2016083006 237  864
AL 09 2016083012 239  868
AL 09 2016083018 242  871
AL 09 2016083100 242  877
AL 09 2016083106 244  880
AL 09 2016083112 247  879
AL 09 2016083118 253  878
AL 09 2016090100 255  871
AL 09 2016090100 255  871
AL 09 2016090106 260  870
AL 09 2016090106 260  870
AL 09 2016090112 270  862
AL 09 2016090112 270  862
AL 09 2016090118 280  854
AL 09 2016090118 280  854
AL 09 2016090118 280  854
AL 09 2016090200 291  848
AL 09 2016090200 291  848
AL 09 2016090200 291  848
AL 09 2016090206 302  840
AL 09 2016090206 302  840
AL 09 2016090206 302  840
AL 09 2016090212 314  828
AL 09 2016090218 325  813
AL 09 2016090300 337  793
AL 09 2016090306 350  773
AL 09 2016090306 350  773
AL 09 2016090312 358  755
AL 09 2016090312 358  755
AL 09 2016090318 360  741
AL 09 2016090318 360  741
AL 09 2016090400 363  727
AL 09 2016090400 363  727
AL 09 2016090406 366  713
AL 09 2016090406 366  713
AL 09 2016090412 370  700
AL 09 2016090412 370  700
AL 09 2016090418 371  691
AL 09 2016090418 371  691
AL 09 2016090500 372  684
AL 09 2016090500 372  684
AL 09 2016090506 377  683
AL 09 2016090506 377  683
AL 09 2016090512 386  685
AL 09 2016090512 386  685
AL 09 2016090518 391  692
AL 09 2016090518 391  692
AL 09 2016090600 395  703
AL 09 2016090600 395  703
AL 09 2016090606 396  713
AL 09 2016090606 396  713
AL 09 2016090612 395  717
AL 09 2016090612 395  717
AL 10 2016090806 108  319
AL 10 2016090812 109  335
AL 10 2016090818 110  347
AL 10 2016090900 110  362
AL 10 2016090906 120  395
AL 10 2016090912 122  407
AL 10 2016090918 123  420
AL 10 2016091000 124  432
AL 10 2016091006 130  447
AL 10 2016091012 132  450
AL 10 2016091018 135  454
AL 10 2016091100 144  459
AL 10 2016091106 156  466
AL 10 2016091112 168  471
AL 10 2016091118 182  476
AL 10 2016091200 198  483
AL 10 2016091206 205  493
AL 10 2016091212 212  502
AL 10 2016091218 222  506
AL 10 2016091300 230  512
AL 10 2016091306 237  516
AL 10 2016091312 248  521
AL 10 2016091318 260  524
AL 10 2016091400 273  526
AL 10 2016091406 289  530
AL 10 2016091412 305  535
AL 10 2016091418 321  538
AL 10 2016091500 333  536
AL 10 2016091506 349  530
AL 10 2016091512 363  515
AL 10 2016091518 383  492
AL 10 2016091600 412  468
AL 10 2016091606 432  429
AL 10 2016091606 432  429
AL 10 2016091612 468  386
AL 10 2016091612 468  386
AL 11 2016090712 150  515
AL 11 2016090718 157  532
AL 11 2016090800 163  549
AL 11 2016090806 167  560
AL 11 2016090812 172  570
AL 11 2016090818 177  585
AL 11 2016090900 179  600
AL 11 2016090906 183  612
AL 11 2016090912 185  625
AL 11 2016090918 195  640
AL 11 2016091000 199  647
AL 11 2016091006 204  661
AL 11 2016091012 210  675
AL 11 2016091018 216  687
AL 11 2016091100 219  698
AL 11 2016091106 222  710
AL 11 2016091112 226  724
AL 11 2016091118 230  740
AL 11 2016091200 235  755
AL 11 2016091206 241  767
AL 11 2016091212 249  777
AL 11 2016091218 257  785
AL 11 2016091300 261  790
AL 11 2016091306 273  802
AL 11 2016091312 281  808
AL 11 2016091318 290  813
AL 11 2016091400 299  815
AL 11 2016091406 306  818
AL 11 2016091412 314  815
AL 11 2016091418 319  807
AL 11 2016091500 320  800
AL 11 2016091506 319  797
AL 11 2016091512 319  788
AL 11 2016091518 321  775
AL 11 2016091600 315  773
AL 11 2016091606 311  767
AL 11 2016091612 311  758
AL 11 2016091618 310  756
AL 11 2016091700 303  762
AL 11 2016091706 302  763
AL 11 2016091712 302  762
AL 11 2016091718 304  762
AL 11 2016091800 306  763
AL 11 2016091806 311  766
AL 11 2016091812 318  770
AL 11 2016091818 320  778
AL 11 2016091900 322  783
AL 11 2016091906 324  782
AL 12 2016091200 126  151
AL 12 2016091206 126  162
AL 12 2016091212 127  173
AL 12 2016091218 128  184
AL 12 2016091300 128  194
AL 12 2016091306 130  200
AL 12 2016091312 135  203
AL 12 2016091318 145  211
AL 12 2016091400 152  223
AL 12 2016091406 159  235
AL 12 2016091412 168  245
AL 12 2016091418 173  258
AL 12 2016091500 174  273
AL 12 2016091506 175  287
AL 12 2016091512 176  298
AL 12 2016091518 177  308
AL 12 2016091600 178  318
AL 12 2016091606 180  328
AL 12 2016091612 183  338
AL 12 2016091618 185  350
AL 12 2016091700 184  362
AL 12 2016091706 183  374
AL 12 2016091712 182  386
AL 12 2016091718 181  397
AL 12 2016091800 179  407
AL 12 2016091806 179  418
AL 12 2016091812 180  429
AL 12 2016091818 182  443
AL 12 2016091900 182  456
AL 12 2016091906 182  468
AL 12 2016091912 184  478
AL 12 2016091918 190  489
AL 12 2016092000 197  503
AL 12 2016092006 200  521
AL 12 2016092012 200  537
AL 12 2016092018 200  547
AL 12 2016092100 199  560
AL 12 2016092106 200  570
AL 12 2016092112 204  572
AL 12 2016092118 214  580
AL 12 2016092200 225  592
AL 12 2016092206 235  603
AL 12 2016092212 244  617
AL 12 2016092218 252  629
AL 12 2016092300 264  637
AL 12 2016092306 273  643
AL 12 2016092306 273  643
AL 12 2016092312 282  649
AL 12 2016092312 282  649
AL 12 2016092318 292  653
AL 12 2016092318 292  653
AL 12 2016092400 303  653
AL 12 2016092400 303  653
AL 12 2016092406 310  646
AL 12 2016092406 310  646
AL 12 2016092412 321  633
AL 12 2016092412 321  633
AL 12 2016092418 329  615
AL 12 2016092418 329  615
AL 12 2016092500 338  593
AL 12 2016092500 338  593
AL 12 2016092506 364  545
AL 12 2016092506 364  545
AL 12 2016092512 387  501
AL 12 2016092512 387  501
AL 13 2016091606 117  155
AL 13 2016091612 117  161
AL 13 2016091618 117  166
AL 13 2016091700 118  172
AL 13 2016091706 120  180
AL 13 2016091712 121  187
AL 13 2016091718 123  199
AL 13 2016091800 125  209
AL 13 2016091806 126  220
AL 13 2016091812 128  231
AL 13 2016091818 130  241
AL 13 2016091900 131  251
AL 13 2016091906 133  261
AL 13 2016091912 135  271
AL 13 2016091918 137  277
AL 13 2016092000 139  284
AL 13 2016092006 143  293
AL 13 2016092012 151  300
AL 13 2016092018 160  307
AL 13 2016092100 167  313
AL 13 2016092106 172  317
AL 13 2016092112 177  321
AL 13 2016092118 183  324
AL 13 2016092200 189  327
AL 13 2016092206 194  334
AL 13 2016092212 197  338
AL 13 2016092218 203  342
AL 13 2016092300 209  348
AL 13 2016092306 215  354
AL 13 2016092312 221  360
AL 13 2016092318 225  364
AL 13 2016092400 229  368
AL 13 2016092406 235  374
AL 13 2016092412 244  381
AL 13 2016092418 249  392
AL 13 2016092500 254  404
AL 14 2016092400  75  295
AL 14 2016092406  75  306
AL 14 2016092412  75  316
AL 14 2016092418  75  328
AL 14 2016092500  75  343
AL 14 2016092506  76  360
AL 14 2016092512  78  377
AL 14 2016092518  81  394
AL 14 2016092600  86  415
AL 14 2016092606  90  446
AL 14 2016092612  93  462
AL 14 2016092618  99  478
AL 14 2016092700 108  496
AL 14 2016092706 114  508
AL 14 2016092712 121  523
AL 14 2016092718 124  537
AL 14 2016092800 127  553
AL 14 2016092806 130  575
AL 14 2016092812 134  598
AL 14 2016092812 134  598
AL 14 2016092818 137  613
AL 14 2016092818 137  613
AL 14 2016092900 138  624
AL 14 2016092900 138  624
AL 14 2016092906 139  640
AL 14 2016092906 139  640
AL 14 2016092912 141  655
AL 14 2016092912 141  655
AL 14 2016092918 142  671
AL 14 2016092918 142  671
AL 14 2016092918 142  671
AL 14 2016093000 142  681
AL 14 2016093000 142  681
AL 14 2016093000 142  681
AL 14 2016093006 140  693
AL 14 2016093006 140  693
AL 14 2016093006 140  693
AL 14 2016093012 138  704
AL 14 2016093012 138  704
AL 14 2016093012 138  704
AL 14 2016093018 135  713
AL 14 2016093018 135  713
AL 14 2016093018 135  713
AL 14 2016100100 134  720
AL 14 2016100100 134  720
AL 14 2016100100 134  720
AL 14 2016100106 133  725
AL 14 2016100106 133  725
AL 14 2016100106 133  725
AL 14 2016100112 133  731
AL 14 2016100112 133  731
AL 14 2016100112 133  731
AL 14 2016100118 132  733
AL 14 2016100118 132  733
AL 14 2016100118 132  733
AL 14 2016100200 135  734
AL 14 2016100200 135  734
AL 14 2016100200 135  734
AL 14 2016100206 137  739
AL 14 2016100206 137  739
AL 14 2016100206 137  739
AL 14 2016100212 140  744
AL 14 2016100212 140  744
AL 14 2016100212 140  744
AL 14 2016100218 143  747
AL 14 2016100218 143  747
AL 14 2016100218 143  747
AL 14 2016100300 145  750
AL 14 2016100300 145  750
AL 14 2016100300 145  750
AL 14 2016100306 149  750
AL 14 2016100306 149  750
AL 14 2016100306 149  750
AL 14 2016100312 154  750
AL 14 2016100312 154  750
AL 14 2016100312 154  750
AL 14 2016100318 159  749
AL 14 2016100318 159  749
AL 14 2016100318 159  749
AL 14 2016100400 166  746
AL 14 2016100400 166  746
AL 14 2016100400 166  746
AL 14 2016100406 174  745
AL 14 2016100406 174  745
AL 14 2016100406 174  745
AL 14 2016100412 185  743
AL 14 2016100412 185  743
AL 14 2016100412 185  743
AL 14 2016100418 193  743
AL 14 2016100418 193  743
AL 14 2016100418 193  743
AL 14 2016100500 201  743
AL 14 2016100500 201  743
AL 14 2016100500 201  743
AL 14 2016100506 207  744
AL 14 2016100506 207  744
AL 14 2016100506 207  744
AL 14 2016100512 215  749
AL 14 2016100512 215  749
AL 14 2016100512 215  749
AL 14 2016100518 222  754
AL 14 2016100518 222  754
AL 14 2016100518 222  754
AL 14 2016100600 230  760
AL 14 2016100600 230  760
AL 14 2016100600 230  760
AL 14 2016100606 238  767
AL 14 2016100606 238  767
AL 14 2016100606 238  767
AL 14 2016100612 246  774
AL 14 2016100612 246  774
AL 14 2016100612 246  774
AL 14 2016100618 257  783
AL 14 2016100618 257  783
AL 14 2016100618 257  783
AL 14 2016100700 267  790
AL 14 2016100700 267  790
AL 14 2016100700 267  790
AL 14 2016100706 277  797
AL 14 2016100706 277  797
AL 14 2016100706 277  797
AL 14 2016100712 289  803
AL 14 2016100712 289  803
AL 14 2016100712 289  803
AL 14 2016100718 297  807
AL 14 2016100718 297  807
AL 14 2016100718 297  807
AL 14 2016100800 307  806
AL 14 2016100800 307  806
AL 14 2016100800 307  806
AL 14 2016100806 316  806
AL 14 2016100806 316  806
AL 14 2016100806 316  806
AL 14 2016100812 325  799
AL 14 2016100812 325  799
AL 14 2016100812 325  799
AL 14 2016100818 336  790
AL 14 2016100818 336  790
AL 14 2016100818 336  790
AL 14 2016100900 339  773
AL 14 2016100900 339  773
AL 14 2016100900 339  773
AL 14 2016100906 348  758
AL 14 2016100906 348  758
AL 14 2016100906 348  758
AL 14 2016100912 351  744
AL 14 2016100912 351  744
AL 14 2016100912 351  744
AL 14 2016100918 352  729
AL 14 2016100918 352  729
AL 14 2016101000 353  711
AL 14 2016101000 353  711
AL 15 2016100406 232  596
AL 15 2016100412 236  603
AL 15 2016100418 238  607
AL 15 2016100500 241  612
AL 15 2016100506 244  617
AL 15 2016100512 247  625
AL 15 2016100518 251  633
AL 15 2016100518 251  633
AL 15 2016100600 257  639
AL 15 2016100600 257  639
AL 15 2016100606 262  645
AL 15 2016100606 262  645
AL 15 2016100612 267  648
AL 15 2016100612 267  648
AL 15 2016100618 273  651
AL 15 2016100618 273  651
AL 15 2016100618 273  651
AL 15 2016100700 275  652
AL 15 2016100700 275  652
AL 15 2016100700 275  652
AL 15 2016100706 276  652
AL 15 2016100706 276  652
AL 15 2016100706 276  652
AL 15 2016100712 276  652
AL 15 2016100712 276  652
AL 15 2016100712 276  652
AL 15 2016100718 272  653
AL 15 2016100718 272  653
AL 15 2016100800 266  654
AL 15 2016100800 266  654
AL 15 2016100806 260  655
AL 15 2016100812 255  656
AL 15 2016100818 250  657
AL 15 2016100900 246  656
AL 15 2016100906 241  655
AL 15 2016100906 241  655
AL 15 2016100912 240  654
AL 15 2016100912 240  654
AL 15 2016100918 241  653
AL 15 2016100918 241  653
AL 15 2016101000 243  652
AL 15 2016101000 243  652
AL 15 2016101006 248  652
AL 15 2016101006 248  652
AL 15 2016101012 254  652
AL 15 2016101012 254  652
AL 15 2016101018 260  653
AL 15 2016101018 260  653
AL 15 2016101100 265  655
AL 15 2016101100 265  655
AL 15 2016101106 268  656
AL 15 2016101106 268  656
AL 15 2016101112 271  658
AL 15 2016101112 271  658
AL 15 2016101118 273  663
AL 15 2016101118 273  663
AL 15 2016101118 273  663
AL 15 2016101200 274  666
AL 15 2016101200 274  666
AL 15 2016101200 274  666
AL 15 2016101206 275  668
AL 15 2016101206 275  668
AL 15 2016101206 275  668
AL 15 2016101212 280  669
AL 15 2016101212 280  669
AL 15 2016101212 280  669
AL 15 2016101218 287  668
AL 15 2016101218 287  668
AL 15 2016101218 287  668
AL 15 2016101300 296  665
AL 15 2016101300 296  665
AL 15 2016101300 296  665
AL 15 2016101306 306  662
AL 15 2016101306 306  662
AL 15 2016101306 306  662
AL 15 2016101312 316  653
AL 15 2016101312 316  653
AL 15 2016101312 316  653
AL 15 2016101315 323  647
AL 15 2016101315 323  647
AL 15 2016101315 323  647
AL 15 2016101318 330  639
AL 15 2016101318 330  639
AL 15 2016101318 330  639
AL 15 2016101400 340  621
AL 15 2016101400 340  621
AL 15 2016101400 340  621
AL 15 2016101406 349  605
AL 15 2016101406 349  605
AL 15 2016101406 349  605
AL 15 2016101412 356  589
AL 15 2016101412 356  589
AL 15 2016101412 356  589
AL 15 2016101418 362  566
AL 15 2016101418 362  566
AL 15 2016101418 362  566
AL 15 2016101500 372  541
AL 15 2016101500 372  541
AL 15 2016101506 381  526
AL 15 2016101506 381  526
AL 15 2016101512 388  511
AL 15 2016101512 388  511
AL 15 2016101512 388  511
AL 15 2016101518 391  497
AL 15 2016101518 391  497
AL 15 2016101518 391  497
AL 15 2016101600 394  487
AL 15 2016101600 394  487
AL 15 2016101600 394  487
AL 15 2016101606 391  480
AL 15 2016101606 391  480
AL 15 2016101606 391  480
AL 15 2016101612 389  472
AL 15 2016101612 389  472
AL 15 2016101612 389  472
AL 15 2016101618 394  459
AL 15 2016101618 394  459
AL 15 2016101618 394  459
AL 15 2016101700 401  458
AL 15 2016101700 401  458
AL 15 2016101700 401  458
AL 15 2016101706 406  455
AL 15 2016101706 406  455
AL 15 2016101706 406  455
AL 15 2016101712 408  450
AL 15 2016101712 408  450
AL 15 2016101712 408  450
AL 15 2016101718 418  436
AL 15 2016101718 418  436
AL 15 2016101718 418  436
AL 15 2016101800 436  420
AL 15 2016101800 436  420
AL 15 2016101806 455  398
AL 15 2016101806 455  398
AL 16 2016111412 112  755
AL 16 2016111418 113  760
AL 16 2016111500 114  765
AL 16 2016111506 115  770
AL 16 2016111512 116  776
AL 16 2016111518 116  782
AL 16 2016111600 116  788
AL 16 2016111606 118  794
AL 16 2016111612 122  800
AL 16 2016111618 130  800
AL 16 2016111700 133  798
AL 16 2016111706 132  801
AL 16 2016111712 130  804
AL 16 2016111718 125  807
AL 16 2016111800 123  813
AL 16 2016111806 118  817
AL 16 2016111812 114  819
AL 16 2016111818 112  822
AL 16 2016111900 111  820
AL 16 2016111906 110  818
AL 16 2016111912 110  815
AL 16 2016111918 109  812
AL 16 2016112000 108  808
AL 16 2016112006 108  804
AL 16 2016112012 111  801
AL 16 2016112018 112  797
AL 16 2016112100 113  793
AL 16 2016112106 115  793
AL 16 2016112112 115  791
AL 16 2016112118 112  791
AL 16 2016112200 109  791
AL 16 2016112200 109  791
AL 16 2016112206 106  791
AL 16 2016112206 106  791
AL 16 2016112212 104  792
AL 16 2016112212 104  792
AL 16 2016112218 104  794
AL 16 2016112218 104  794
AL 16 2016112218 104  794
AL 16 2016112300 106  796
AL 16 2016112300 106  796
AL 16 2016112306 108  800
AL 16 2016112306 108  800
AL 16 2016112312 110  804
AL 16 2016112312 110  804
AL 16 2016112318 112  810
AL 16 2016112318 112  810
AL 16 2016112400 112  818
AL 16 2016112400 112  818
AL 16 2016112400 112  818
AL 16 2016112406 111  824
AL 16 2016112406 111  824
AL 16 2016112406 111  824
AL 16 2016112412 110  830
AL 16 2016112412 110  830
AL 16 2016112412 110  830
AL 16 2016112418 110  838
AL 16 2016112418 110  838
AL 16 2016112418 110  838
AL 16 2016112500 110  850
AL 16 2016112500 110  850
AL 16 2016112500 110  850
EP 01 2016060412  92 1019
EP 01 2016060418  96 1016
EP 01 2016060500 100 1012
EP 01 2016060506 105 1008
EP 01 2016060512 110 1004
EP 01 2016060518 117 1001
EP 01 2016060600 123  997
EP 01 2016060606 129  991
EP 01 2016060612 135  985
EP 01 2016060618 140  972
EP 01 2016060700 144  963
EP 01 2016060706 148  956
EP 01 2016060712 151  951
EP 01 2016060718 155  948
EP 01 2016060800 158  948
EP 01 2016060806 160  948
EP 01 2016060812 163  948
EP 02 2016063018 130 1130
EP 02 2016070100 132 1137
EP 02 2016070106 133 1143
EP 02 2016070112 136 1151
EP 02 2016070118 141 1160
EP 02 2016070200 145 1166
EP 02 2016070206 149 1176
EP 02 2016070212 154 1185
EP 02 2016070218 158 1196
EP 02 2016070300 164 1211
EP 02 2016070306 168 1221
EP 02 2016070312 172 1232
EP 02 2016070318 175 1244
EP 02 2016070400 178 1255
EP 02 2016070406 181 1265
EP 02 2016070412 185 1276
EP 02 2016070418 187 1288
EP 02 2016070500 192 1299
EP 03 2016070112 100 1038
EP 03 2016070118 101 1042
EP 03 2016070200 102 1047
EP 03 2016070206 104 1052
EP 03 2016070212 106 1059
EP 03 2016070218 108 1068
EP 03 2016070300 111 1078
EP 03 2016070306 114 1088
EP 03 2016070312 117 1098
EP 03 2016070318 120 1107
EP 03 2016070400 123 1117
EP 03 2016070400 123 1117
EP 03 2016070406 126 1127
EP 03 2016070406 126 1127
EP 03 2016070412 130 1139
EP 03 2016070412 130 1139
EP 03 2016070412 130 1139
EP 03 2016070418 134 1151
EP 03 2016070418 134 1151
EP 03 2016070418 134 1151
EP 03 2016070500 138 1164
EP 03 2016070500 138 1164
EP 03 2016070500 138 1164
EP 03 2016070506 140 1177
EP 03 2016070506 140 1177
EP 03 2016070506 140 1177
EP 03 2016070512 141 1191
EP 03 2016070512 141 1191
EP 03 2016070512 141 1191
EP 03 2016070518 142 1202
EP 03 2016070518 142 1202
EP 03 2016070518 142 1202
EP 03 2016070600 143 1212
EP 03 2016070600 143 1212
EP 03 2016070600 143 1212
EP 03 2016070606 145 1221
EP 03 2016070606 145 1221
EP 03 2016070606 145 1221
EP 03 2016070612 148 1231
EP 03 2016070612 148 1231
EP 03 2016070612 148 1231
EP 03 2016070618 151 1242
EP 03 2016070618 151 1242
EP 03 2016070618 151 1242
EP 03 2016070700 155 1250
EP 03 2016070700 155 1250
EP 03 2016070700 155 1250
EP 03 2016070706 158 1259
EP 03 2016070706 158 1259
EP 03 2016070706 158 1259
EP 03 2016070712 161 1267
EP 03 2016070712 161 1267
EP 03 2016070712 161 1267
EP 03 2016070718 164 1275
EP 03 2016070718 164 1275
EP 03 2016070718 164 1275
EP 03 2016070800 167 1283
EP 03 2016070800 167 1283
EP 03 2016070800 167 1283
EP 03 2016070806 171 1289
EP 03 2016070806 171 1289
EP 03 2016070806 171 1289
EP 03 2016070812 176 1297
EP 03 2016070812 176 1297
EP 03 2016070812 176 1297
EP 03 2016070818 181 1302
EP 03 2016070818 181 1302
EP 03 2016070818 181 1302
EP 03 2016070900 186 1308
EP 03 2016070900 186 1308
EP 03 2016070900 186 1308
EP 03 2016070906 192 1314
EP 03 2016070906 192 1314
EP 03 2016070912 198 1321
EP 03 2016070912 198 1321
EP 03 2016070918 206 1331
EP 03 2016071000 209 1339
EP 03 2016071006 211 1347
EP 03 2016071012 213 1358
EP 03 2016071018 215 1367
EP 04 2016070512 115 1049
EP 04 2016070518 116 1056
EP 04 2016070600 116 1063
EP 04 2016070606 117 1070
EP 04 2016070612 119 1077
EP 04 2016070618 121 1084
EP 04 2016070700 122 1091
EP 04 2016070706 123 1098
EP 04 2016070712 123 1106
EP 04 2016070718 123 1113
EP 04 2016070800 123 1115
EP 04 2016070806 124 1117
EP 04 2016070812 125 1124
EP 04 2016070818 129 1129
EP 04 2016070900 135 1136
EP 04 2016070906 141 1151
EP 04 2016070912 143 1165
EP 04 2016070918 144 1173
EP 04 2016070918 144 1173
EP 04 2016071000 146 1183
EP 04 2016071000 146 1183
EP 04 2016071006 147 1195
EP 04 2016071006 147 1195
EP 04 2016071012 148 1207
EP 04 2016071012 148 1207
EP 04 2016071018 148 1217
EP 04 2016071018 148 1217
EP 04 2016071018 148 1217
EP 04 2016071100 149 1227
EP 04 2016071100 149 1227
EP 04 2016071100 149 1227
EP 04 2016071106 149 1239
EP 04 2016071106 149 1239
EP 04 2016071106 149 1239
EP 04 2016071112 150 1250
EP 04 2016071112 150 1250
EP 04 2016071112 150 1250
EP 04 2016071118 151 1258
EP 04 2016071118 151 1258
EP 04 2016071118 151 1258
EP 04 2016071200 153 1266
EP 04 2016071200 153 1266
EP 04 2016071200 153 1266
EP 04 2016071206 158 1274
EP 04 2016071206 158 1274
EP 04 2016071206 158 1274
EP 04 2016071212 164 1281
EP 04 2016071212 164 1281
EP 04 2016071212 164 1281
EP 04 2016071218 170 1290
EP 04 2016071218 170 1290
EP 04 2016071218 170 1290
EP 04 2016071300 176 1299
EP 04 2016071300 176 1299
EP 04 2016071300 176 1299
EP 04 2016071306 181 1307
EP 04 2016071306 181 1307
EP 04 2016071306 181 1307
EP 04 2016071312 188 1322
EP 04 2016071312 188 1322
EP 04 2016071318 193 1333
EP 04 2016071318 193 1333
EP 04 2016071400 197 1342
EP 04 2016071406 201 1352
EP 04 2016071412 206 1363
EP 04 2016071418 212 1374
EP 04 2016071500 216 1385
EP 04 2016071506 219 1396
EP 04 2016071512 221 1408
EP 04 2016071518 222 1419
EP 04 2016071600 223 1432
EP 04 2016071606 224 1446
EP 04 2016071612 224 1460
EP 04 2016071618 227 1470
EP 04 2016071700 230 1481
EP 04 2016071706 233 1491
EP 04 2016071712 236 1500
EP 04 2016071718 237 1508
EP 04 2016071800 239 1519
EP 04 2016071806 240 1531
EP 04 2016071812 240 1545
EP 04 2016071818 240 1560
EP 04 2016071900 239 1573
EP 04 2016071906 238 1585
EP 04 2016071912 238 1599
EP 04 2016071918 241 1612
EP 04 2016072000 242 1624
EP 04 2016072006 243 1638
EP 04 2016072012 244 1654
EP 04 2016072018 244 1669
EP 04 2016072100 245 1685
EP 04 2016072106 248 1701
EP 05 2016070912 118 1004
EP 05 2016070918 120 1011
EP 05 2016071000 123 1019
EP 05 2016071006 125 1025
EP 05 2016071012 128 1032
EP 05 2016071018 131 1038
EP 05 2016071100 135 1043
EP 05 2016071106 138 1048
EP 05 2016071112 145 1052
EP 05 2016071118 149 1056
EP 05 2016071200 154 1063
EP 05 2016071206 158 1072
EP 05 2016071212 159 1082
EP 05 2016071218 156 1092
EP 05 2016071300 154 1101
EP 05 2016071300 154 1101
EP 05 2016071306 153 1110
EP 05 2016071306 153 1110
EP 05 2016071312 153 1119
EP 05 2016071312 153 1119
EP 05 2016071318 154 1129
EP 05 2016071318 154 1129
EP 05 2016071318 154 1129
EP 05 2016071400 155 1140
EP 05 2016071400 155 1140
EP 05 2016071400 155 1140
EP 05 2016071406 156 1150
EP 05 2016071406 156 1150
EP 05 2016071406 156 1150
EP 05 2016071412 157 1163
EP 05 2016071412 157 1163
EP 05 2016071412 157 1163
EP 05 2016071418 158 1175
EP 05 2016071418 158 1175
EP 05 2016071418 158 1175
EP 05 2016071500 159 1186
EP 05 2016071500 159 1186
EP 05 2016071500 159 1186
EP 05 2016071506 160 1195
EP 05 2016071506 160 1195
EP 05 2016071506 160 1195
EP 05 2016071512 163 1201
EP 05 2016071512 163 1201
EP 05 2016071512 163 1201
EP 05 2016071518 166 1210
EP 05 2016071518 166 1210
EP 05 2016071518 166 1210
EP 05 2016071600 171 1217
EP 05 2016071600 171 1217
EP 05 2016071600 171 1217
EP 05 2016071606 174 1227
EP 05 2016071606 174 1227
EP 05 2016071606 174 1227
EP 05 2016071612 177 1235
EP 05 2016071612 177 1235
EP 05 2016071612 177 1235
EP 05 2016071618 179 1245
EP 05 2016071618 179 1245
EP 05 2016071618 179 1245
EP 05 2016071700 180 1254
EP 05 2016071700 180 1254
EP 05 2016071700 180 1254
EP 05 2016071706 181 1262
EP 05 2016071706 181 1262
EP 05 2016071706 181 1262
EP 05 2016071712 182 1269
EP 05 2016071712 182 1269
EP 05 2016071712 182 1269
EP 05 2016071718 183 1278
EP 05 2016071718 183 1278
EP 05 2016071718 183 1278
EP 05 2016071800 183 1286
EP 05 2016071800 183 1286
EP 05 2016071800 183 1286
EP 05 2016071806 184 1297
EP 05 2016071806 184 1297
EP 05 2016071806 184 1297
EP 05 2016071812 185 1306
EP 05 2016071812 185 1306
EP 05 2016071812 185 1306
EP 05 2016071818 187 1315
EP 05 2016071818 187 1315
EP 05 2016071818 187 1315
EP 05 2016071900 190 1327
EP 05 2016071900 190 1327
EP 05 2016071900 190 1327
EP 05 2016071906 193 1339
EP 05 2016071906 193 1339
EP 05 2016071906 193 1339
EP 05 2016071912 196 1349
EP 05 2016071912 196 1349
EP 05 2016071918 198 1360
EP 05 2016071918 198 1360
EP 05 2016072000 200 1372
EP 05 2016072000 200 1372
EP 05 2016072006 199 1383
EP 05 2016072006 199 1383
EP 05 2016072012 199 1395
EP 05 2016072012 199 1395
EP 05 2016072018 199 1407
EP 05 2016072100 197 1420
EP 05 2016072100 197 1420
EP 05 2016072106 194 1433
EP 05 2016072106 194 1433
EP 05 2016072112 190 1446
EP 05 2016072112 190 1446
EP 05 2016072118 188 1457
EP 05 2016072118 188 1457
EP 05 2016072200 187 1469
EP 05 2016072200 187 1469
EP 05 2016072206 186 1481
EP 05 2016072206 186 1481
EP 05 2016072212 185 1493
EP 05 2016072212 185 1493
EP 05 2016072218 185 1505
EP 05 2016072218 185 1505
EP 05 2016072300 186 1516
EP 05 2016072300 186 1516
EP 05 2016072306 187 1526
EP 05 2016072306 187 1526
EP 05 2016072312 187 1535
EP 05 2016072318 188 1544
EP 05 2016072400 193 1553
EP 05 2016072406 194 1563
EP 05 2016072412 196 1570
EP 05 2016072418 204 1577
EP 05 2016072500 212 1584
EP 05 2016072506 221 1591
EP 05 2016072512 223 1603
EP 05 2016072518 220 1606
EP 05 2016072600 224 1614
EP 05 2016072606 228 1620
EP 05 2016072612 231 1630
EP 06 2016071300 110  976
EP 06 2016071306 111  985
EP 06 2016071312 112  994
EP 06 2016071318 116 1000
EP 06 2016071400 120 1007
EP 06 2016071406 124 1016
EP 06 2016071412 128 1029
EP 06 2016071418 132 1041
EP 06 2016071500 135 1048
EP 06 2016071506 137 1054
EP 06 2016071512 140 1060
EP 06 2016071518 145 1068
EP 06 2016071600 149 1075
EP 06 2016071606 153 1081
EP 06 2016071612 157 1087
EP 06 2016071618 159 1094
EP 06 2016071700 160 1101
EP 06 2016071706 161 1108
EP 06 2016071706 161 1108
EP 06 2016071712 163 1115
EP 06 2016071712 163 1115
EP 06 2016071718 165 1122
EP 06 2016071718 165 1122
EP 06 2016071800 168 1130
EP 06 2016071800 168 1130
EP 06 2016071806 172 1137
EP 06 2016071806 172 1137
EP 06 2016071812 175 1145
EP 06 2016071812 175 1145
EP 06 2016071818 178 1153
EP 06 2016071818 178 1153
EP 06 2016071900 181 1162
EP 06 2016071900 181 1162
EP 06 2016071906 184 1171
EP 06 2016071906 184 1171
EP 06 2016071912 187 1181
EP 06 2016071912 187 1181
EP 06 2016071918 189 1192
EP 06 2016071918 189 1192
EP 06 2016072000 190 1204
EP 06 2016072000 190 1204
EP 06 2016072006 190 1215
EP 06 2016072006 190 1215
EP 06 2016072012 191 1227
EP 06 2016072012 191 1227
EP 06 2016072018 192 1238
EP 06 2016072018 192 1238
EP 06 2016072100 193 1249
EP 06 2016072100 193 1249
EP 06 2016072106 196 1262
EP 06 2016072106 196 1262
EP 06 2016072112 199 1274
EP 06 2016072112 199 1274
EP 06 2016072118 204 1289
EP 06 2016072200 208 1302
EP 06 2016072206 211 1314
EP 06 2016072212 215 1329
EP 07 2016072018 122  990
EP 07 2016072100 123 1001
EP 07 2016072106 129 1012
EP 07 2016072112 137 1022
EP 07 2016072118 147 1036
EP 07 2016072200 156 1047
EP 07 2016072206 164 1058
EP 07 2016072212 172 1069
EP 07 2016072218 177 1078
EP 07 2016072218 177 1078
EP 07 2016072300 180 1085
EP 07 2016072300 180 1085
EP 07 2016072306 183 1091
EP 07 2016072306 183 1091
EP 07 2016072312 186 1097
EP 07 2016072312 186 1097
EP 07 2016072318 190 1103
EP 07 2016072318 190 1103
EP 07 2016072400 193 1108
EP 07 2016072400 193 1108
EP 07 2016072406 196 1114
EP 07 2016072406 196 1114
EP 07 2016072412 198 1119
EP 07 2016072412 198 1119
EP 07 2016072418 199 1123
EP 07 2016072418 199 1123
EP 07 2016072500 201 1128
EP 07 2016072500 201 1128
EP 07 2016072506 202 1132
EP 07 2016072506 202 1132
EP 07 2016072512 203 1137
EP 07 2016072512 203 1137
EP 07 2016072518 205 1142
EP 07 2016072518 205 1142
EP 07 2016072600 207 1147
EP 07 2016072600 207 1147
EP 07 2016072606 209 1154
EP 07 2016072606 209 1154
EP 07 2016072612 211 1162
EP 07 2016072612 211 1162
EP 07 2016072612 211 1162
EP 07 2016072618 213 1172
EP 07 2016072618 213 1172
EP 07 2016072618 213 1172
EP 07 2016072700 216 1182
EP 07 2016072700 216 1182
EP 07 2016072700 216 1182
EP 07 2016072706 220 1192
EP 07 2016072706 220 1192
EP 07 2016072706 220 1192
EP 07 2016072712 224 1203
EP 07 2016072712 224 1203
EP 07 2016072718 229 1214
EP 07 2016072718 229 1214
EP 07 2016072800 232 1224
EP 07 2016072806 234 1233
EP 07 2016072812 236 1241
EP 07 2016072818 240 1246
EP 08 2016072018  94 1102
EP 08 2016072100  96 1109
EP 08 2016072106  98 1117
EP 08 2016072112 101 1126
EP 08 2016072118 107 1135
EP 08 2016072200 112 1145
EP 08 2016072206 116 1154
EP 08 2016072212 121 1166
EP 08 2016072218 126 1179
EP 08 2016072218 126 1179
EP 08 2016072300 130 1189
EP 08 2016072300 130 1189
EP 08 2016072306 134 1199
EP 08 2016072306 134 1199
EP 08 2016072312 137 1210
EP 08 2016072312 137 1210
EP 08 2016072318 138 1219
EP 08 2016072318 138 1219
EP 08 2016072400 140 1227
EP 08 2016072400 140 1227
EP 08 2016072400 140 1227
EP 08 2016072406 145 1235
EP 08 2016072406 145 1235
EP 08 2016072406 145 1235
EP 08 2016072412 149 1242
EP 08 2016072412 149 1242
EP 08 2016072412 149 1242
EP 08 2016072418 154 1251
EP 08 2016072418 154 1251
EP 08 2016072418 154 1251
EP 08 2016072500 161 1258
EP 08 2016072500 161 1258
EP 08 2016072500 161 1258
EP 08 2016072506 167 1264
EP 08 2016072506 167 1264
EP 08 2016072506 167 1264
EP 08 2016072512 172 1270
EP 08 2016072512 172 1270
EP 08 2016072512 172 1270
EP 08 2016072518 177 1276
EP 08 2016072518 177 1276
EP 08 2016072518 177 1276
EP 08 2016072600 180 1280
EP 08 2016072600 180 1280
EP 08 2016072600 180 1280
EP 08 2016072606 181 1282
EP 08 2016072606 181 1282
EP 08 2016072606 181 1282
EP 08 2016072612 182 1284
EP 08 2016072612 182 1284
EP 08 2016072612 182 1284
EP 08 2016072618 182 1284
EP 08 2016072618 182 1284
EP 08 2016072700 186 1285
EP 08 2016072706 190 1287
EP 08 2016072712 193 1293
EP 08 2016072718 200 1301
EP 08 2016072800 204 1311
EP 08 2016072806 206 1321
EP 08 2016072812 207 1331
EP 08 2016072818 208 1341
EP 08 2016072900 207 1349
EP 08 2016072906 205 1359
EP 08 2016072912 203 1371
EP 09 2016072618 105 1040
EP 09 2016072700 105 1051
EP 09 2016072706 105 1062
EP 09 2016072712 105 1072
EP 09 2016072718 106 1080
EP 09 2016072800 107 1086
EP 09 2016072806 108 1091
EP 09 2016072812 110 1098
EP 09 2016072818 113 1104
EP 09 2016072900 117 1112
EP 09 2016072906 121 1121
EP 09 2016072912 123 1133
EP 09 2016072918 125 1143
EP 09 2016073000 131 1152
EP 09 2016073006 133 1161
EP 09 2016073012 134 1170
EP 09 2016073018 135 1178
EP 09 2016073100 139 1185
EP 09 2016073106 143 1192
EP 09 2016073112 147 1198
EP 09 2016073118 151 1206
EP 09 2016080100 155 1215
EP 09 2016080106 159 1224
EP 09 2016080112 164 1234
EP 09 2016080118 168 1245
EP 09 2016080200 174 1258
EP 09 2016080206 180 1270
EP 09 2016080206 180 1270
EP 09 2016080212 185 1283
EP 09 2016080212 185 1283
EP 09 2016080218 190 1295
EP 09 2016080218 190 1295
EP 09 2016080300 195 1307
EP 09 2016080306 201 1319
EP 09 2016080312 206 1331
EP 09 2016080318 211 1345
EP 09 2016080400 215 1359
EP 09 2016080406 217 1374
EP 09 2016080412 220 1390
EP 09 2016080418 221 1402
EP 09 2016080500 221 1415
EP 09 2016080506 221 1430
EP 09 2016080512 220 1445
EP 09 2016080518 219 1459
EP 09 2016080600 220 1470
EP 09 2016080606 221 1488
EP 09 2016080612 219 1504
EP 09 2016080618 220 1517
EP 09 2016080700 219 1533
EP 09 2016080706 219 1548
EP 09 2016080712 219 1560
EP 09 2016080718 222 1574
EP 09 2016080800 224 1589
EP 10 2016073112  95 1032
EP 10 2016073118  95 1049
EP 10 2016080100  96 1062
EP 10 2016080106  99 1076
EP 10 2016080112 104 1089
EP 10 2016080118 110 1101
EP 10 2016080200 115 1113
EP 10 2016080206 120 1123
EP 10 2016080212 126 1136
EP 10 2016080218 131 1150
EP 10 2016080300 137 1168
EP 10 2016080306 141 1183
EP 10 2016080312 143 1198
EP 10 2016080318 144 1214
EP 10 2016080400 146 1228
EP 10 2016080406 147 1242
EP 10 2016080412 147 1255
EP 10 2016080418 147 1267
EP 10 2016080500 148 1280
EP 10 2016080506 150 1292
EP 10 2016080512 152 1304
EP 10 2016080518 153 1313
EP 10 2016080518 153 1313
EP 10 2016080600 154 1322
EP 10 2016080600 154 1322
EP 10 2016080606 156 1331
EP 10 2016080606 156 1331
EP 10 2016080612 158 1340
EP 10 2016080618 161 1350
EP 10 2016080700 164 1359
EP 10 2016080706 167 1368
EP 10 2016080712 170 1377
EP 10 2016080718 172 1385
EP 10 2016080800 172 1394
EP 10 2016080806 171 1401
EP 10 2016080812 171 1408
EP 10 2016080818 171 1413
EP 10 2016080900 171 1422
EP 10 2016080906 170 1431
EP 10 2016080912 170 1442
EP 10 2016080918 168 1453
EP 10 2016081000 166 1467
EP 10 2016081006 159 1483
EP 10 2016081012 156 1498
EP 10 2016081018 152 1516
EP 10 2016081100 147 1534
EP 10 2016081106 144 1553
EP 11 2016080606 169 1005
EP 11 2016080612 173 1015
EP 11 2016080618 177 1025
EP 11 2016080700 180 1035
EP 11 2016080706 185 1045
EP 11 2016080712 190 1055
EP 11 2016080718 196 1064
EP 11 2016080800 204 1072
EP 11 2016080806 211 1081
EP 11 2016080812 217 1088
EP 11 2016080812 217 1088
EP 11 2016080818 222 1093
EP 11 2016080818 222 1093
EP 11 2016080900 225 1096
EP 11 2016080900 225 1096
EP 11 2016080906 230 1102
EP 11 2016080912 235 1109
EP 11 2016080918 242 1117
EP 12 2016081518 120 1068
EP 12 2016081600 121 1066
EP 12 2016081606 122 1064
EP 12 2016081612 123 1061
EP 12 2016081618 125 1061
EP 12 2016081700 130 1065
EP 12 2016081706 135 1069
EP 12 2016081712 141 1071
EP 12 2016081718 149 1072
EP 12 2016081800 159 1081
EP 12 2016081806 163 1087
EP 12 2016081812 170 1091
EP 12 2016081818 174 1096
EP 12 2016081900 177 1101
EP 12 2016081906 180 1106
EP 12 2016081912 183 1111
EP 12 2016081918 186 1116
EP 12 2016082000 190 1121
EP 12 2016082006 194 1124
EP 12 2016082012 199 1124
EP 12 2016082018 201 1128
EP 12 2016082100 204 1131
EP 12 2016082106 207 1137
EP 12 2016082112 210 1144
EP 12 2016082118 213 1150
EP 12 2016082200 217 1156
EP 12 2016082206 218 1162
EP 12 2016082212 219 1168
EP 12 2016082218 219 1177
EP 12 2016082300 220 1185
EP 12 2016082306 220 1190
EP 12 2016082312 225 1197
EP 12 2016082318 232 1206
EP 13 2016082118 100  917
EP 13 2016082200 101  928
EP 13 2016082206 102  938
EP 13 2016082212 104  949
EP 13 2016082218 107  962
EP 13 2016082300 115  978
EP 13 2016082306 132 1022
EP 13 2016082312 136 1034
EP 13 2016082318 138 1046
EP 13 2016082400 140 1058
EP 13 2016082406 142 1071
EP 13 2016082412 147 1085
EP 13 2016082418 150 1094
EP 13 2016082500 155 1104
EP 13 2016082506 160 1112
EP 13 2016082512 164 1121
EP 13 2016082518 166 1130
EP 13 2016082518 166 1130
EP 13 2016082600 168 1136
EP 13 2016082600 168 1136
EP 13 2016082606 170 1142
EP 13 2016082606 170 1142
EP 13 2016082612 173 1148
EP 13 2016082612 173 1148
EP 13 2016082618 175 1154
EP 13 2016082618 175 1154
EP 13 2016082700 178 1161
EP 13 2016082700 178 1161
EP 13 2016082700 178 1161
EP 13 2016082706 179 1169
EP 13 2016082706 179 1169
EP 13 2016082706 179 1169
EP 13 2016082712 179 1178
EP 13 2016082712 179 1178
EP 13 2016082712 179 1178
EP 13 2016082718 179 1190
EP 13 2016082718 179 1190
EP 13 2016082718 179 1190
EP 13 2016082800 179 1202
EP 13 2016082800 179 1202
EP 13 2016082800 179 1202
EP 13 2016082806 179 1216
EP 13 2016082806 179 1216
EP 13 2016082806 179 1216
EP 13 2016082812 179 1231
EP 13 2016082812 179 1231
EP 13 2016082812 179 1231
EP 13 2016082818 179 1241
EP 13 2016082818 179 1241
EP 13 2016082818 179 1241
EP 13 2016082900 179 1257
EP 13 2016082900 179 1257
EP 13 2016082900 179 1257
EP 13 2016082906 179 1271
EP 13 2016082906 179 1271
EP 13 2016082906 179 1271
EP 13 2016082912 180 1286
EP 13 2016082912 180 1286
EP 13 2016082912 180 1286
EP 13 2016082918 180 1299
EP 13 2016082918 180 1299
EP 13 2016082918 180 1299
EP 13 2016083000 181 1312
EP 13 2016083000 181 1312
EP 13 2016083000 181 1312
EP 13 2016083006 182 1326
EP 13 2016083006 182 1326
EP 13 2016083006 182 1326
EP 13 2016083012 181 1338
EP 13 2016083012 181 1338
EP 13 2016083012 181 1338
EP 13 2016083018 179 1350
EP 13 2016083018 179 1350
EP 13 2016083018 179 1350
EP 13 2016083100 178 1360
EP 13 2016083100 178 1360
EP 13 2016083100 178 1360
EP 13 2016083106 177 1370
EP 13 2016083106 177 1370
EP 13 2016083106 177 1370
EP 13 2016083112 177 1381
EP 13 2016083112 177 1381
EP 13 2016083112 177 1381
EP 13 2016083118 179 1393
EP 13 2016083118 179 1393
EP 13 2016083118 179 1393
EP 13 2016090100 181 1406
EP 13 2016090100 181 1406
EP 13 2016090100 181 1406
EP 13 2016090106 181 1418
EP 13 2016090106 181 1418
EP 13 2016090106 181 1418
EP 13 2016090112 182 1430
EP 13 2016090112 182 1430
EP 13 2016090112 182 1430
EP 13 2016090118 183 1442
EP 13 2016090118 183 1442
EP 13 2016090118 183 1442
EP 13 2016090200 186 1455
EP 13 2016090200 186 1455
EP 13 2016090200 186 1455
EP 13 2016090206 189 1467
EP 13 2016090206 189 1467
EP 13 2016090206 189 1467
EP 13 2016090212 194 1478
EP 13 2016090212 194 1478
EP 13 2016090212 194 1478
EP 13 2016090218 199 1492
EP 13 2016090218 199 1492
EP 13 2016090218 199 1492
EP 13 2016090300 203 1504
EP 13 2016090300 203 1504
EP 13 2016090300 203 1504
EP 13 2016090306 209 1517
EP 13 2016090306 209 1517
EP 13 2016090306 209 1517
EP 13 2016090312 215 1532
EP 13 2016090312 215 1532
EP 13 2016090312 215 1532
EP 13 2016090318 220 1547
EP 13 2016090318 220 1547
EP 13 2016090318 220 1547
EP 13 2016090400 225 1560
EP 13 2016090400 225 1560
EP 13 2016090400 225 1560
EP 13 2016090406 230 1573
EP 13 2016090406 230 1573
EP 13 2016090412 240 1586
EP 13 2016090412 240 1586
EP 13 2016090418 250 1598
EP 13 2016090500 261 1609
EP 13 2016090506 272 1620
EP 13 2016090506 272 1620
EP 13 2016090512 283 1633
EP 13 2016090512 283 1633
EP 13 2016090518 293 1643
EP 13 2016090518 293 1643
EP 13 2016090600 303 1651
EP 13 2016090600 303 1651
EP 13 2016090606 315 1657
EP 13 2016090606 315 1657
EP 13 2016090612 326 1663
EP 13 2016090612 326 1663
EP 13 2016090618 336 1665
EP 13 2016090618 336 1665
EP 13 2016090700 346 1664
EP 13 2016090706 357 1662
EP 13 2016090712 369 1658
EP 13 2016090718 382 1650
EP 14 2016082212  97 1096
EP 14 2016082218 100 1104
EP 14 2016082300 103 1116
EP 14 2016082306 107 1162
EP 14 2016082312 108 1173
EP 14 2016082318 109 1185
EP 14 2016082400 109 1196
EP 14 2016082406 109 1207
EP 14 2016082412 111 1224
EP 14 2016082418 113 1235
EP 14 2016082500 111 1267
EP 14 2016082506 111 1286
EP 14 2016082512 114 1302
EP 14 2016082518 116 1320
EP 14 2016082600 118 1331
EP 14 2016082606 125 1340
EP 14 2016082612 128 1351
EP 14 2016082618 132 1362
EP 14 2016082700 139 1371
EP 14 2016082706 144 1376
EP 14 2016082712 150 1382
EP 14 2016082718 155 1390
EP 14 2016082800 157 1398
EP 14 2016082806 159 1403
EP 14 2016082812 162 1409
EP 14 2016082818 166 1417
EP 14 2016082818 166 1417
EP 14 2016082900 172 1427
EP 14 2016082900 172 1427
EP 14 2016082906 176 1433
EP 14 2016082906 176 1433
EP 14 2016082906 176 1433
EP 14 2016082912 180 1443
EP 14 2016082912 180 1443
EP 14 2016082912 180 1443
EP 14 2016082918 184 1451
EP 14 2016082918 184 1451
EP 14 2016082918 184 1451
EP 14 2016083000 187 1459
EP 14 2016083000 187 1459
EP 14 2016083000 187 1459
EP 14 2016083006 190 1467
EP 14 2016083006 190 1467
EP 14 2016083006 190 1467
EP 14 2016083012 193 1478
EP 14 2016083012 193 1478
EP 14 2016083012 193 1478
EP 14 2016083018 193 1489
EP 14 2016083018 193 1489
EP 14 2016083018 193 1489
EP 14 2016083100 193 1499
EP 14 2016083100 193 1499
EP 14 2016083100 193 1499
EP 14 2016083106 193 1510
EP 14 2016083106 193 1510
EP 14 2016083106 193 1510
EP 14 2016083112 190 1525
EP 14 2016083112 190 1525
EP 14 2016083112 190 1525
EP 14 2016083118 186 1536
EP 14 2016083118 186 1536
EP 14 2016083118 186 1536
EP 14 2016090100 181 1546
EP 14 2016090100 181 1546
EP 14 2016090106 175 1556
EP 14 2016090112 169 1563
EP 14 2016090118 166 1572
EP 14 2016090200 165 1584
EP 14 2016090206 165 1600
EP 14 2016090212 165 1615
EP 14 2016090218 165 1631
EP 14 2016090300 164 1653
EP 14 2016090306 162 1675
EP 14 2016090312 159 1692
EP 15 2016083118 115  930
EP 15 2016090100 115  930
EP 15 2016090106 110  932
EP 15 2016090112 110  936
EP 15 2016090118 113  940
EP 15 2016090200 115  942
EP 15 2016090206 118  946
EP 15 2016090212 120  950
EP 15 2016090218 130  960
EP 15 2016090300 140  975
EP 15 2016090306 147  993
EP 15 2016090312 152 1013
EP 15 2016090318 149 1037
EP 15 2016090400 150 1050
EP 15 2016090406 151 1051
EP 15 2016090412 154 1052
EP 15 2016090418 157 1052
EP 15 2016090500 167 1055
EP 15 2016090506 176 1058
EP 15 2016090512 186 1066
EP 15 2016090512 186 1066
EP 15 2016090518 197 1076
EP 15 2016090518 197 1076
EP 15 2016090600 209 1086
EP 15 2016090600 209 1086
EP 15 2016090600 209 1086
EP 15 2016090606 221 1095
EP 15 2016090606 221 1095
EP 15 2016090606 221 1095
EP 15 2016090612 235 1104
EP 15 2016090612 235 1104
EP 15 2016090612 235 1104
EP 15 2016090618 251 1113
EP 15 2016090618 251 1113
EP 15 2016090618 251 1113
EP 15 2016090700 265 1120
EP 15 2016090700 265 1120
EP 15 2016090700 265 1120
EP 15 2016090706 280 1120
EP 15 2016090706 280 1120
EP 15 2016090706 280 1120
EP 15 2016090712 296 1118
EP 15 2016090712 296 1118
EP 15 2016090718 312 1115
EP 16 2016090800 101 1046
EP 16 2016090806 101 1052
EP 16 2016090812 102 1058
EP 16 2016090818 103 1065
EP 16 2016090900 104 1071
EP 16 2016090906 105 1078
EP 16 2016090912 106 1086
EP 16 2016090918 110 1105
EP 16 2016091000 114 1118
EP 16 2016091006 117 1125
EP 16 2016091012 123 1131
EP 16 2016091018 130 1138
EP 16 2016091100 137 1145
EP 16 2016091106 145 1154
EP 16 2016091112 153 1162
EP 16 2016091118 159 1172
EP 16 2016091200 164 1180
EP 16 2016091200 164 1180
EP 16 2016091206 168 1187
EP 16 2016091206 168 1187
EP 16 2016091206 168 1187
EP 16 2016091212 172 1191
EP 16 2016091212 172 1191
EP 16 2016091212 172 1191
EP 16 2016091218 177 1192
EP 16 2016091218 177 1192
EP 16 2016091218 177 1192
EP 16 2016091300 184 1191
EP 16 2016091300 184 1191
EP 16 2016091300 184 1191
EP 16 2016091306 189 1189
EP 16 2016091306 189 1189
EP 16 2016091306 189 1189
EP 16 2016091312 192 1188
EP 16 2016091312 192 1188
EP 16 2016091312 192 1188
EP 16 2016091318 196 1187
EP 16 2016091318 196 1187
EP 16 2016091318 196 1187
EP 16 2016091400 198 1186
EP 16 2016091400 198 1186
EP 16 2016091400 198 1186
EP 16 2016091406 201 1186
EP 16 2016091406 201 1186
EP 16 2016091406 201 1186
EP 16 2016091412 201 1190
EP 16 2016091412 201 1190
EP 16 2016091412 201 1190
EP 16 2016091418 202 1194
EP 16 2016091418 202 1194
EP 16 2016091418 202 1194
EP 16 2016091500 203 1200
EP 16 2016091500 203 1200
EP 16 2016091506 202 1207
EP 16 2016091506 202 1207
EP 16 2016091512 200 1215
EP 16 2016091512 200 1215
EP 16 2016091512 200 1215
EP 16 2016091518 199 1223
EP 16 2016091518 199 1223
EP 16 2016091518 199 1223
EP 16 2016091600 199 1233
EP 16 2016091600 199 1233
EP 16 2016091606 199 1244
EP 16 2016091612 199 1254
EP 16 2016091618 200 1262
EP 16 2016091700 201 1271
EP 17 2016091318 125  999
EP 17 2016091400 125 1003
EP 17 2016091406 125 1007
EP 17 2016091412 125 1012
EP 17 2016091418 125 1017
EP 17 2016091500 124 1025
EP 17 2016091506 122 1034
EP 17 2016091512 120 1043
EP 17 2016091518 118 1052
EP 17 2016091600 118 1055
EP 17 2016091606 121 1055
EP 17 2016091612 125 1055
EP 17 2016091618 130 1050
EP 17 2016091700 130 1053
EP 17 2016091706 132 1060
EP 17 2016091712 137 1067
EP 17 2016091718 153 1083
EP 17 2016091800 161 1092
EP 17 2016091806 168 1101
EP 17 2016091812 174 1112
EP 17 2016091818 181 1124
EP 17 2016091818 181 1124
EP 17 2016091900 190 1134
EP 17 2016091900 190 1134
EP 17 2016091906 200 1142
EP 17 2016091906 200 1142
EP 17 2016091906 200 1142
EP 17 2016091912 212 1153
EP 17 2016091912 212 1153
EP 17 2016091912 212 1153
EP 17 2016091918 222 1162
EP 17 2016091918 222 1162
EP 17 2016091918 222 1162
EP 17 2016092000 231 1166
EP 17 2016092000 231 1166
EP 17 2016092000 231 1166
EP 17 2016092006 243 1170
EP 17 2016092006 243 1170
EP 17 2016092012 254 1171
EP 17 2016092018 267 1170
EP 17 2016092100 276 1166
EP 18 2016092100  94 1089
EP 18 2016092106  95 1094
EP 18 2016092112  96 1099
EP 18 2016092118 100 1130
EP 18 2016092200 101 1135
EP 18 2016092206 103 1140
EP 18 2016092212 106 1144
EP 18 2016092218 109 1148
EP 18 2016092300 111 1155
EP 18 2016092306 113 1161
EP 18 2016092312 115 1167
EP 18 2016092318 117 1173
EP 18 2016092400 120 1178
EP 18 2016092406 123 1184
EP 18 2016092412 128 1189
EP 18 2016092418 134 1192
EP 18 2016092500 141 1195
EP 18 2016092506 148 1197
EP 18 2016092512 153 1197
EP 18 2016092518 158 1197
EP 18 2016092600 162 1197
EP 18 2016092606 165 1196
EP 18 2016092612 167 1194
EP 18 2016092618 168 1190
EP 18 2016092700 170 1186
EP 18 2016092706 175 1181
EP 18 2016092712 180 1176
EP 18 2016092718 185 1168
EP 18 2016092800 192 1161
EP 18 2016092806 199 1156
EP 18 2016092812 207 1152
EP 18 2016092818 213 1151
EP 18 2016092900 218 1150
EP 18 2016092906 225 1152
EP 18 2016092912 232 1154
EP 18 2016092918 238 1157
EP 18 2016093000 242 1160
EP 18 2016093006 244 1165
EP 18 2016093012 243 1169
EP 19 2016092318 120 1291
EP 19 2016092400 120 1303
EP 19 2016092406 120 1317
EP 19 2016092412 120 1331
EP 19 2016092418 120 1347
EP 19 2016092500 120 1358
EP 19 2016092506 117 1367
EP 19 2016092512 115 1376
EP 19 2016092518 114 1383
EP 19 2016092600 113 1387
EP 19 2016092606 112 1391
EP 19 2016092612 113 1396
EP 19 2016092618 115 1402
EP 19 2016092700 116 1404
EP 19 2016092706 119 1404
EP 19 2016092712 122 1402
EP 19 2016092718 126 1398
EP 19 2016092718 126 1398
EP 19 2016092800 131 1394
EP 19 2016092800 131 1394
EP 19 2016092806 136 1391
EP 19 2016092806 136 1391
EP 19 2016092806 136 1391
EP 19 2016092812 141 1388
EP 19 2016092812 141 1388
EP 19 2016092812 141 1388
EP 19 2016092818 148 1387
EP 19 2016092818 148 1387
EP 19 2016092900 155 1388
EP 19 2016092906 160 1391
EP 19 2016092912 165 1395
EP 19 2016092918 169 1399
EP 19 2016093000 175 1407
EP 19 2016093006 179 1413
EP 19 2016093012 183 1420
EP 19 2016093018 185 1427
EP 19 2016100100 186 1440
EP 19 2016100106 187 1453
EP 19 2016100112 187 1469
EP 19 2016100118 185 1488
EP 19 2016100200 177 1505
EP 19 2016100206 171 1521
EP 19 2016100212 166 1536
EP 19 2016100218 160 1550
EP 19 2016100300 154 1565
EP 19 2016100306 148 1580
EP 20 2016102206 114  984
EP 20 2016102212 117  995
EP 20 2016102218 120 1006
EP 20 2016102300 123 1017
EP 20 2016102306 127 1029
EP 20 2016102312 132 1041
EP 20 2016102318 137 1053
EP 20 2016102400 142 1065
EP 20 2016102400 142 1065
EP 20 2016102406 146 1078
EP 20 2016102406 146 1078
EP 20 2016102412 149 1091
EP 20 2016102412 149 1091
EP 20 2016102412 149 1091
EP 20 2016102418 152 1105
EP 20 2016102418 152 1105
EP 20 2016102418 152 1105
EP 20 2016102500 153 1119
EP 20 2016102500 153 1119
EP 20 2016102500 153 1119
EP 20 2016102506 154 1132
EP 20 2016102506 154 1132
EP 20 2016102506 154 1132
EP 20 2016102512 155 1145
EP 20 2016102512 155 1145
EP 20 2016102512 155 1145
EP 20 2016102518 156 1158
EP 20 2016102518 156 1158
EP 20 2016102518 156 1158
EP 20 2016102600 159 1171
EP 20 2016102600 159 1171
EP 20 2016102600 159 1171
EP 20 2016102606 162 1184
EP 20 2016102606 162 1184
EP 20 2016102606 162 1184
EP 20 2016102612 166 1197
EP 20 2016102612 166 1197
EP 20 2016102612 166 1197
EP 20 2016102618 171 1207
EP 20 2016102618 171 1207
EP 20 2016102618 171 1207
EP 20 2016102700 180 1214
EP 20 2016102700 180 1214
EP 20 2016102700 180 1214
EP 20 2016102706 190 1220
EP 20 2016102706 190 1220
EP 20 2016102706 190 1220
EP 20 2016102712 198 1226
EP 20 2016102712 198 1226
EP 20 2016102712 198 1226
EP 20 2016102718 209 1230
EP 20 2016102718 209 1230
EP 20 2016102800 216 1231
EP 20 2016102806 221 1229
EP 21 2016111300 167 1081
EP 21 2016111306 172 1076
EP 21 2016111312 177 1071
EP 21 2016111318 179 1071
EP 21 2016111400 183 1071
EP 21 2016111406 186 1077
EP 21 2016111412 188 1084
EP 21 2016111418 189 1089
EP 21 2016111500 189 1095
EP 22 2016111412 112  755
EP 22 2016111418 113  760
EP 22 2016111500 114  765
EP 22 2016111506 115  770
EP 22 2016111512 116  776
EP 22 2016111518 116  782
EP 22 2016111600 116  788
EP 22 2016111606 118  794
EP 22 2016111612 122  800
EP 22 2016111618 130  800
EP 22 2016111700 133  798
EP 22 2016111706 132  801
EP 22 2016111712 130  804
EP 22 2016111718 125  807
EP 22 2016111800 123  813
EP 22 2016111806 118  817
EP 22 2016111812 114  819
EP 22 2016111818 112  822
EP 22 2016111900 111  820
EP 22 2016111906 110  818
EP 22 2016111912 110  815
EP 22 2016111918 109  812
EP 22 2016112000 108  808
EP 22 2016112006 108  804
EP 22 2016112012 111  801
EP 22 2016112018 112  797
EP 22 2016112100 113  793
EP 22 2016112106 115  793
EP 22 2016112112 115  791
EP 22 2016112118 112  791
EP 22 2016112200 109  791
EP 22 2016112200 109  791
EP 22 2016112206 106  791
EP 22 2016112206 106  791
EP 22 2016112212 104  792
EP 22 2016112212 104  792
EP 22 2016112218 104  794
EP 22 2016112218 104  794
EP 22 2016112218 104  794
EP 22 2016112300 106  796
EP 22 2016112300 106  796
EP 22 2016112306 108  800
EP 22 2016112306 108  800
EP 22 2016112312 110  804
EP 22 2016112312 110  804
EP 22 2016112318 112  810
EP 22 2016112318 112  810
EP 22 2016112400 112  818
EP 22 2016112400 112  818
EP 22 2016112400 112  818
EP 22 2016112406 111  824
EP 22 2016112406 111  824
EP 22 2016112406 111  824
EP 22 2016112412 110  830
EP 22 2016112412 110  830
EP 22 2016112412 110  830
EP 22 2016112418 110  838
EP 22 2016112418 110  838
EP 22 2016112418 110  838
EP 22 2016112500 109  849
EP 22 2016112500 109  849
EP 22 2016112500 109  849
EP 22 2016112506 107  862
EP 22 2016112506 107  862
EP 22 2016112512 104  874
EP 22 2016112512 104  874
EP 22 2016112518 100  886
EP 22 2016112518 100  886
EP 22 2016112600  98  899
EP 22 2016112600  98  899
EP 22 2016112606  94  917
EP 22 2016112606  94  917
EP 22 2016112612  91  933
EP 22 2016112618  88  953
