AL 01 2016011412 308  287
AL 02 2016052718 282  742
AL 03 2016060512 216  880
AL 04 2016061918 199  947
AL 05 2016080212 163  790
AL 06 2016081700 122  336
AL 07 2016082218 120  282
AL 08 2016082812 315  696
AL 09 2016082818 238  815
AL 10 2016091212 212  502
AL 11 2016091306 273  802
AL 12 2016091418 173  258
AL 13 2016091918 137  277
AL 14 2016092812 134  598
AL 15 2016100406 232  596
AL 16 2016112100 113  793
EP 01 2016060700 144  963
EP 02 2016070200 145 1166
EP 03 2016070300 111 1078
EP 04 2016070618 121 1084
EP 05 2016071118 149 1056
EP 06 2016071512 140 1060
EP 07 2016072112 137 1022
EP 08 2016072118 107 1135
EP 09 2016073112 147 1198
EP 10 2016080218 131 1150
EP 11 2016080706 185 1045
EP 12 2016081818 174 1096
EP 13 2016082418 150 1094
EP 14 2016082618 132 1362
EP 15 2016090412 154 1052
EP 16 2016091100 137 1145
EP 17 2016091800 161 1092
EP 18 2016092512 153 1197
EP 19 2016092612 113 1396
EP 20 2016102306 127 1029
EP 21 2016111400 183 1071
EP 22 2016112100 113  793
